-0.00273650834384537 -0.00453538666666667 -0.00102622444591387 0.00053176474059003 -0.000234034524923703 7.06920535774836e-05
-0.00659859585317056 0.00410699750356053 -0.00425766626449644 -0.000150462878602916 -5.98303133265513e-05 -0.000427579317734825
-0.0182386582780625 0.00616468707375852 0.000423816394216082 -0.000236246509622891 0.000306365441770476 -0.000221088145005261
-0.0095789950524707 0.0172465056974019 -0.00142632300492443 0.000639962936661572 0.000146510663949737 -0.000372194672779759
-0.0195674531702591 0.0138182734813354 0.00561503206806282 0.000183426845379751 0.000715657474671925 0.0001156123223635
-0.0250680126246039 0.0322130785476782 0.00629635142438592 -0.000103087176097843 0.0006181471645147 -0.000606191196811229
-0.0293833503595306 0.0309808115571701 0.0126286933350389 -0.000194145585686997 0.000452328223836813 0.000402924785441397
-0.0329936206522927 0.0578748395421308 -0.0024619335484863 -0.000113503494498736 0.000985071962345384 0.000343775829973347
-0.0248000638099637 0.0711008439091904 0.0095475396544173 -0.000830401751864778 0.00069230457606241 -0.000490150260042428
-0.0406967158415265 0.0966634424014251 0.00165274859511493 0.000761917638998321 0.00171745907334452 -0.000211022787160426
-0.0332909555837877 0.1239038439773 0.0033438668470322 3.05905860165275e-05 0.00195452395363989 -0.00033383304049652
-0.0339866752050278 0.153193063998901 0.00318538411601071 0.00033647395494196 0.00139033573047599 -0.000500949950889484
-0.0332583537119285 0.19321859648264 0.00100098127878996 0.000343480267789618 0.000729067128566518 7.1106229632176e-05
-0.0107603425039576 0.212960401239934 -0.0104025764243926 0.00048609717151903 0.00098649781781265 0.000736772870810104
-0.00558012044233154 0.220183395822998 -0.00840942334056772 0.000982499949703734 -0.000215605253548298 0.000263312110031694
0.02019694419831 0.209018965130195 -0.0107643192012416 0.000785557155026729 -0.000115598580100017 0.00053468191343335
0.0259400667928307 0.205338634124737 -0.00215698296163277 -3.44956476844977e-05 -0.00251603699658114 5.30873902683287e-05
0.036584212153325 0.16015613115927 0.00558489455067054 0.00077094462636527 -0.00140189500933223 0.000664113680699571
0.0414634770369217 0.127130559362608 -0.00031743524481816 -0.000369971682065123 -0.00191596895498114 -0.00048207954323679
0.0296070277133354 0.094249955876035 0.0121129397626719 -0.00037906951772165 -0.000673784932959152 0.00064840016560995
0.0247767510114113 0.0733099101734244 0.00847355967673684 -0.00101349234677951 -0.0013495292903472 -0.000306259046859283
0.00608724512900649 0.0607054558717922 0.00360891889849637 -0.000131365634614717 -0.000638822677709483 -0.000299203306941695
0.00349200809538707 0.0661654808909514 0.00468671067820767 -0.000659264918830604 0.000387118121458616 -0.000356053276671186
-0.0119638451743094 0.0700184577395449 0.000837264521258088 -0.000116195640178137 0.000757930330178832 -0.000623207335606429
-0.0152766120009754 0.0953236688629554 -0.00608951467567756 -0.000628060247683411 0.00113690714902808 0.000161784026684317
-0.0251270717379782 0.116229053800258 -0.00413903045855564 0.000659793474561495 0.00122653414548244 -0.000304971708686404
-0.0142387189821989 0.135164668499127 -0.0068288046460733 0.000294672360558464 0.000833748018499127 0.000277412522513089
-0.0119475765944435 0.142616648214223 -0.00657949947300367 0.00117239369596366 -0.000232197063428272 0.00010316586196051
0.0158118054612882 0.133142497977469 -0.000533932866738971 0.000839294600636742 -0.000894355445894412 5.96752097400554e-05
0.0324358238022001 0.12338284217664 -0.00325554764784193 0.000138986283281951 -0.000987659403727578 0.00026149159297926
0.0516417690485709 0.0842980559852709 0.00585792127476766 0.000529957578467473 -0.00162839244573032 -0.00029936782991408
0.0527520941016009 0.0374431482024996 0.00374112275277349 0.000368430636497683 -0.00216642903630108 0.000367032580747086
0.0532339999015921 -0.000333529329068991 0.00356288096685762 0.00011634140512424 -0.00165995705690085 7.80231673285772e-05
0.0426572692355321 -0.0382819430919965 0.00412239677396658 -0.000448084521020229 -0.00194634489639402 6.31628277924365e-05
0.0413027444556757 -0.0596288815074138 0.0013923371936745 -0.000570057960412778 -0.00188971486810129 -2.03145141407651e-07
0.0387138871760973 -0.0855202798921205 -0.00194529032716376 -0.000122840488630354 -0.00128607295081967 -0.000451701784241142
0.0503895560292924 -0.105358392400565 0.00797338784224457 0.000564627977766013 -0.00105051466737251 -0.000357031297688371
0.0522013358541755 -0.132701768691183 -0.00895269344531581 0.000168753857213508 -0.000755634154655928 2.8789346474495e-05
0.0525513174321983 -0.150277678614971 -0.00483263796612567 0.000829981840104663 -0.00176080175205969 0.00081190789045649
0.0759567784795922 -0.194674793362951 -0.0105327240599667 0.000981771529257672 -0.00186708052178838 -0.000269042110163191
0.0934071499723629 -0.242333272305212 -0.0107391164171066 0.000754960389753038 -0.00275701920100627 -0.000148650698366581
0.0966184252619073 -0.318336689760258 -0.00831308483313827 0.000737258573607121 -0.00451916618824698 -0.000237735776855694
0.117576609853724 -0.394088096555421 -0.00654892246893417 0.000253790164382589 -0.0041008917514024 3.04232745153732e-05
0.115379641585457 -0.489738163527739 0.000535061483455948 0.000492155543234887 -0.00437776407044106 0.000160710314532466
0.12149436101669 -0.575377416027543 0.00716870237358101 -0.000595278676915412 -0.00452546507170563 0.00014556955624355
0.105832624542929 -0.653615374345287 0.00655022984651543 -0.000421294519069834 -0.00356007396032905 8.898479292048e-05
0.0890954692368561 -0.729938996932454 0.00622132928390661 -0.000635323332026376 -0.00378575268187489 4.12426298342541e-05
0.0686618154128309 -0.795391903186327 0.00891224121815457 -0.000231576657389567 -0.00244490941732677 -0.00010492175372868
0.0486132112621879 -0.81399040861995 0.00811811556305582 -0.00102380532626165 -0.00156941055859138 -0.000241045998785671
0.0344720803336432 -0.847578791927835 -0.00251692282899442 -6.15598086825922e-05 -0.00072787691174367 7.38751709340579e-05
0.0311686608897243 -0.866238271417472 0.00169688898460437 -0.0003721834160401 -0.00102638479735052 -0.000547628034729681
0.0244487960943606 -0.873282253579392 -0.0112127960800201 0.000564490596206933 -6.12348997956477e-05 -9.62444154447352e-05
0.0328625511461287 -0.894905760452636 -0.00804691688000287 0.00047630813417567 -0.000433860012922215 -0.000834583668473383
0.0401999675317024 -0.913047897745087 -0.00786508559004203 -1.09320709846609e-05 -0.00217691073319682 0.000220304056830837
0.054174582137745 -0.951703587360546 -0.00983317768422945 0.00129076715446862 -0.00165146664304981 0.000315102503146916
0.0635170723558852 -0.996242765760631 -0.00601736437511252 0.000266596877542937 -0.00247074551902927 7.83980481042741e-05
0.0651357347174775 -1.0430706930818 -0.00332073179675676 0.00037181851027027 -0.00300068847099099 0.000679405960720721
0.0723073925704187 -1.0938482125917 -0.0016766869022974 -5.92743445017493e-05 -0.00244117736321997 5.79180769646914e-05
0.0593778929261425 -1.13854919580175 0.000685077258681683 -0.000379835511876398 -0.00275243229117031 0.000250676632012129
0.0545844657023629 -1.17702664808187 0.010425486782282 -0.000359031724113014 -0.00201860630681408 -9.74335931064381e-05
0.0439963876589512 -1.21754301861808 0.00958054471754068 -0.000297389443399639 -0.00120995371500904 -0.00020834057721519
0.0401620121312722 -1.24905535879951 0.0115907662620375 -0.000393143729635798 -0.00148973038556223 0.000223139072478459
0.0296684338055727 -1.26299554168086 0.00463779144715388 -0.000178549659407949 -0.000669635537157143 -0.000260069801442081
0.0347748191303874 -1.28348775690212 -0.000510320594978958 0.000267691320200261 -0.0010894394159048 -0.000661234314685822
0.0374899145074616 -1.2992088566824 0.00316931602338332 0.000132320839475691 -0.00104305069387459 -7.55678119893978e-05
0.0377646235325553 -1.33252190476715 -0.0139457278325517 5.41739906205697e-05 -0.000918554661358927 -1.43382942523721e-05
0.0559225437323047 -1.35353709356381 -0.0146616927766658 -0.000276592523381491 -0.00148828828378034 2.03409239783105e-05
0.0486637146895145 -1.39647179729541 -0.0122715712138981 0.000547032561823943 -0.00191423286739265 -0.000204457867574753
0.0426192306639685 -1.42431266895683 -0.0124736104149347 -0.000253340014949318 -0.00191563856413622 -0.0002729929829359
0.040864070223066 -1.45668354842832 5.91135299916028e-05 -9.53799142053957e-05 -0.00207654323828995 5.13800043810014e-05
0.0393872111703411 -1.49136048963036 0.00880605018938978 -0.000584245549705678 -0.001832531737048 0.000382885339475704
0.0350903369200073 -1.52331314959217 0.00439830537653304 -0.000552652179754714 -0.00168805802233205 0.00048150025553725
0.0315295964148523 -1.55000237082582 0.00275056201451506 -0.000849222736969431 -0.000318038274320064 0.000360505146983359
0.0108015723161023 -1.55869649830135 0.00297964446710937 -8.10707825512711e-05 -0.00055467618556701 -0.000525090324320358
-0.00406023541767688 -1.56622019029021 0.00201580946036294 -0.000450258201454706 -1.30222378958198e-05 0.00048698535339064
-0.00379693001397007 -1.54675554620271 0.00720641355575162 -0.000470260241535238 0.000375415682879306 0.000191987368846734
-0.0138472494765708 -1.53206936685648 0.00265495790812383 5.5046544704973e-05 0.00106888392461442 -0.000465341326977583
-0.0157327553992704 -1.51846399049342 0.000933795035560305 0.000219250361867561 0.000550992986328629 -0.000150693252386041
-0.00223162418013431 -1.50732600816582 -0.00175848461294369 0.000818415781861117 0.000771567338203822 0.000253792408678326
0.0114263730015144 -1.50983678046208 -0.0057535274849481 0.00108593545783622 7.08770287740555e-05 -7.53950788608577e-05
0.0277529500207055 -1.51868639708903 -0.0117677766904533 0.000453770235524662 -0.000554261603194557 0.00038359548472972
0.0536330555383249 -1.5499729413794 -0.0130849131026315 0.00138092240497428 -0.00214715624264406 0.000236343277323365
0.0562453193018343 -1.59185599128442 -0.0106956939811006 0.000213644 -0.00214153037761719 -0.000856916330183435
0.0564307140325034 -1.64262082083745 -0.0050609833520092 -0.000159260518719157 -0.00318929630477533 0.000215142326444288
0.0623587634498644 -1.67671895193892 -0.00236932032433035 -6.09700323215811e-05 -0.00260166660920608 0.000401913878961251
0.0482279790771119 -1.7236095880058 0.00492639242086077 -0.000457985037756203 -0.00194736043819514 0.000586209662984042
0.0532344794034852 -1.75797698814604 0.00722022468982722 -0.000495413632707775 -0.000903529963881441 -4.80082249776587e-05
0.0332758184477423 -1.78910634163541 0.0106312966374585 -0.000776823631380737 -0.00118949898504791 -1.28821331891567e-05
0.0209431122246285 -1.80702478870286 0.00932648055373011 -7.88303244716602e-05 -0.000304685536181017 -3.42019468299601e-05
0.0143170151430281 -1.80827600460494 0.00858025656134315 -0.000916124990464794 -0.000315803585237258 0.000207510777025764
0.00250266553509264 -1.82014681440015 0.00366684813363279 0.000418217060078607 3.89453939734201e-06 -0.000674429003181733
0.014901854889597 -1.8227325821552 0.00573105297731959 0.000133342108716026 -0.000242587974882849 0.000330848183692596
0.0294851886668418 -1.82780391973997 -0.00303728854789689 0.000598030357960301 -0.000410980743311695 -0.000147725388540768
0.0336976680924117 -1.85231040807475 -0.00617326401502629 0.00102828510030053 -0.00171971722614576 0.000557741259579263
0.041729322264811 -1.86762334387286 -0.0116740429336092 0.000488940850103442 -0.00167328798721083 0.000136378925709987
0.0491662513730658 -1.90252078593464 -0.00857210493618463 4.15145852942283e-05 -0.00230748979857686 8.62455713263808e-05
0.0600544189800226 -1.96076862519148 -0.016652431607614 0.000811878995099887 -0.0018481313950245 0.000386124295514512
0.0752879122773585 -2.01390310322302 -0.00498321399132075 -0.000291123278490566 -0.00283518225132075 0.000167308696226415
0.0653666661251086 -2.07051947016281 -0.000385167855550938 -0.000411382735995165 -0.00219787142333698 9.80921807124239e-05
0.0594082103660427 -2.12068946980828 0.00138528663944035 -0.00106752033200983 -0.0017855221981471 0.000129532330119115
0.0401916471702756 -2.15554597283692 0.0135365672395518 -3.28125306632344e-05 -0.00211155187651423 -0.000216462741898849
0.0394607909233218 -2.1798268188015 0.0160881159363984 0.000390937646969639 -0.00125763808816283 4.02717659093924e-08
0.0355972034168089 -2.20281495040372 0.0110950162781256 -0.00126859029330298 -0.000793475990893568 0.000191707206602162
0.0413051566731259 -2.2174946570679 0.00825696482959079 9.9243172612941e-05 -0.000698494934078042 -0.000277682188912953
0.0360439700406952 -2.22781374736546 -0.00184634137641197 -7.19259449283079e-05 -0.000275163315331077 0.000269792364887993
0.0446143754592866 -2.26024550596444 -0.0137131333153146 0.000571422252464882 -0.000757518852639994 -0.000547012374662149
0.0492160432482378 -2.28465279159802 -0.00375120526805106 0.000914263323299676 -0.00174217425528672 -0.000773596319298914
0.0610482254660871 -2.33384766950398 -0.00840416310801022 0.00115593611460597 -0.00277985240192154 0.000582844133592588
0.0830118269678922 -2.38442767720727 -0.00695597061886763 0.00052917241629443 -0.00377181902722101 0.000308853768945902
0.105446210551139 -2.46178265606215 0.00119879285812567 0.000652014402232074 -0.00358445410525913 0.000606307269530653
0.0971465648129447 -2.53806882845153 0.00594693531558412 -1.30018323005125e-05 -0.00344800224925407 0.000249206843776299
0.0940695914140756 -2.61025616238704 0.0044187918084699 -0.000700466190840863 -0.00377609074513708 0.00017119661816511
0.0739316155478034 -2.66927214454573 0.0126686250996703 -0.000828227322318484 -0.00240024355516369 0.000345837320401748
0.065214604451182 -2.70756553472175 0.00707272085508136 -0.000996311743936137 -0.00257457765812097 -5.71905680073687e-05
0.0709531860727454 -2.75648830531187 0.0101125974888616 -4.83106310493161e-05 -0.00180475427100937 -0.000346592866415732
0.055242336862549 -2.79214283947427 0.00299151743942774 0.000146132774401969 -0.0021085841766018 -0.000550832262133682
0.049129655743886 -2.81448089110726 0.000936859501636819 3.15574519545541e-05 -0.000793008038898517 -0.000133387061043713
0.0587580388981024 -2.84121350710082 -0.00761919815836162 0.000492575182042579 -0.00194474852514656 -0.000226731412372724
0.0786384895621114 -2.88074420767077 -0.00959236722786423 0.00070783291269259 -0.00159962280804726 0.000147623231648454
0.0885808780629324 -2.93274365424639 -0.0144888137110054 0.00132581251381963 -0.0029112485283544 0.000313403762804902
0.10148792939767 -3.00178958512987 -0.00586370546742538 0.00125671016645376 -0.00379622707428483 -0.000390706494793481
0.128928760845545 -3.08749423397418 -0.0058077527262154 0.000353601114987982 -0.00463430677832054 3.90388640769172e-05
0.135398485501475 -3.18844094883054 -0.000513686437664959 0.000752479458934948 -0.00561907701870827 5.15474930135072e-05
0.144038108188071 -3.29350790152283 0.000404962438313581 0.000383811956090927 -0.00601793853040606 0.000567360225374004
0.151210609233552 -3.40764194027662 0.00264750596817492 -0.000422023593354861 -0.00547082233357974 0.000203007582772439
0.144507808405204 -3.51245300089673 0.00326390235986132 -0.000632557629231428 -0.00562660645124849 8.04095859140663e-05
0.134365314278694 -3.60630103538239 0.0162980521719122 -0.000564083083343083 -0.00398979475644475 -0.000283478803868804
0.109626261095452 -3.69317292004333 0.01152399170447 -0.00166467762053484 -0.00366532329962912 -5.71548760491898e-05
0.0944160463108731 -3.76015624789338 0.0114825882513875 -0.000461957210193074 -0.00334578399085437 -0.000270729974204643
0.0835649376436759 -3.82242805837682 0.00602860749775048 -0.000501563472477602 -0.0026588700633778 -0.000417105622237001
0.0742030477386501 -3.86537318501978 -0.00483590760821027 0.000242943759645893 -0.00231652938697168 -0.000384207782130126
0.0764255929344159 -3.89441449333686 -0.00256604365027065 0.000111803998980152 -0.00277191865576214 -0.000219219501843571
0.0951487183832711 -3.96301223015983 -0.0074482965116827 0.00164717413626546 -0.00274571090398586 6.081693461614e-05
0.113750368929077 -4.01747598278346 -0.00843550035029092 5.91108216700736e-05 -0.00315444309915081 -0.00034855664137443
0.124766792198685 -4.09966315715714 -0.00621833677875339 0.00102016125920384 -0.00402500270110643 -2.84674827735561e-05
0.142697380865108 -4.20407275767635 -0.0059313429427073 0.00102927355230472 -0.00515386222191554 0.000439558950751153
0.153084364606183 -4.31049262775119 -0.000412456687591298 0.00059099280508508 -0.00601864563306881 0.000558568959690473
0.153451217119361 -4.42216420951291 -0.00266673309295062 -9.82123591507533e-05 -0.00574108496540545 0.000730074309097378
0.155032929315817 -4.53608815188477 2.57800126627339e-06 -0.0010101023936528 -0.00561070853112263 -0.000279326819279016
0.147527362403027 -4.64861246792979 0.00690553598359681 -0.000399454925313998 -0.00509760136891319 -5.56257181346315e-06
0.127271703116321 -4.75745671865865 0.00690205405181306 -0.000747612966753947 -0.00505361422320082 0.000721148667777513
0.115257689718813 -4.83904217680488 0.00357738582429803 -0.000488514831407125 -0.00366966271853529 -0.000389751139044441
0.0908329170200835 -4.90082812451064 0.00310092068920262 -0.000667724345993239 -0.00308858283953072 -1.82965726784651e-05
0.0917634341293611 -4.96980176936634 -0.00250949501752429 -0.000430569536004461 -0.00290114260992512 -1.75795001593117e-05
0.096284789169059 -5.01394474237839 0.000282468433014354 7.68653333333334e-05 -0.00233387060606061 -0.000660094045055821
0.0980961655006787 -5.06556492569791 -0.00962836933362612 0.000175913847720195 -0.00290146540685139 0.000297142856743592
0.1253601653118 -5.13473320316117 -0.00950955618044451 0.00134738997881356 -0.00345640014510713 -0.000562166531419891
0.143806984405267 -5.21900696978508 -0.0151276206647723 0.000987263561594493 -0.00511227608420715 0.000125998610021612
0.168285135204151 -5.33088441480146 -0.0181806962527547 0.00137279936290419 -0.00550378210001202 -0.000563407389910646
0.185348202501504 -5.45561013422186 -0.0126131417612838 0.000713314965295888 -0.00742304907562688 0.00048032103671013
0.190206207335262 -5.60048934833695 -0.0128538806653809 0.00146676949734812 -0.00665064506509161 -0.00016489669117647
0.189316986172199 -5.73885012032106 0.00361266906095353 -0.00114929020679944 -0.00659302064131965 0.000124441147052907
0.196193037193505 -5.89577136131058 0.0102827942218283 -0.000662217257967044 -0.00679780828209983 0.000228170639780831
0.164607538202324 -6.02479442051247 0.0161370287898475 -0.000861540534662255 -0.00552930827939634 0.000341642781454281
0.149849231007194 -6.1335911642446 0.00963214367876485 -0.000914237089160132 -0.00532797369412335 0.000906667489289467
0.119916725264926 -6.2203852523902 0.00916062512770694 -0.000834429788706739 -0.00422363112406395 -0.000737810606354989
0.11692234263689 -6.30289437630608 0.00905534439751955 -0.000195956210432456 -0.00350709267498885 0.000107600695091801
0.115352823079172 -6.36663727819975 -0.0095118509772635 0.00035336240682095 -0.00321210329151441 6.00420438489648e-05
0.115908988442176 -6.43361886203928 0.00149350042534157 0.000342462300341574 -0.00363804345234222 -0.000363660229749512
0.147062091492325 -6.5283758547168 -0.0130194372486665 0.00147892732155218 -0.00450719071419846 0.000382306424935868
0.170911953024915 -6.62514874240957 -0.010474619637891 0.00158594651510827 -0.00528685948945887 -0.00132124121070016
0.18326482237174 -6.75007798555324 -0.00976943539937145 0.000627184830006939 -0.00617986869148198 0.000807101207705807
0.202851407243563 -6.89723678034655 -0.0055022888594197 0.000651135974254189 -0.00691823107437679 6.3297075602779e-05
0.220137194486272 -7.06226725539752 -0.00714522805065673 0.000258069019190638 -0.00874147713572568 0.000665332938336266
0.21130844835594 -7.22535709913986 -0.00299633039667254 -0.000486205105519813 -0.00876311219440232 -0.000124327905585379
0.194410483107947 -7.38254718853895 0.00352540048824519 -0.00118002768268166 -0.00713797783448898 0.000538678553317195
0.178262611716117 -7.51404786928166 0.00532963267115969 -0.00197678324360976 -0.00578441164091395 0.000196745128215665
0.140997883096766 -7.62895511432486 0.00762669448078664 -0.00168962466592611 -0.00483275562906278 0.000394391749362297
0.112771766661861 -7.70831199250896 0.0022813966841043 -0.000662778630802817 -0.00431771446430778 -0.000212232252749516
0.101100039116458 -7.77206601437685 -0.00115965163998019 -0.000498431370501816 -0.00223837546715087 6.13378693463188e-05
0.0917052635682109 -7.81692639209406 0.00266579050626111 0.000232814342273836 -0.00256734601851469 -3.00914481134022e-05
0.0909379650554635 -7.86761372885513 0.00340853606043046 0.00150062636009934 -0.00320346743046358 -0.000214044741721854
0.113831019747512 -7.9267649760058 0.00057207953814262 0.000837491720563847 -0.00377286332628524 -0.000384226533582089
0.145155446329004 -8.01867281017637 0.0036830064157364 0.00180828014068141 -0.00481947737726688 0.000399642189899157
0.185151169720779 -8.12991610617069 -0.000451638205011011 0.00131411694644118 -0.0063074812635559 0.000388114696056841
0.200170511575465 -8.28183670058258 -0.000567987646789563 0.00137031195788773 -0.00660017331197203 0.000324835767966377
0.214827047323996 -8.4288861954658 -0.00824276449501896 5.26566958442751e-05 -0.00796517811387604 0.000812595703805594
0.198854239665609 -8.59499583916423 -0.00832946862903899 -7.22990005844535e-05 -0.00840174135551473 -7.99877014277363e-06
0.199449170123292 -8.760016141454 -0.00733268307769465 -4.05950545408951e-05 -0.00779358291846031 0.000247363349354286
0.18257800186027 -8.89235939658253 0.000401039939302608 -0.00212404431495667 -0.00635058402026037 4.81974314538068e-05
0.164545812331517 -9.01743685102305 -0.00384214125607712 -0.000820082852053646 -0.00538795524769489 -0.00027348017225482
0.140952171452798 -9.10921875761449 3.04012110145656e-05 -0.00107700346975612 -0.00361682615119842 -0.000126459355244931
0.118378090841707 -9.19483278971873 -0.000426012568425478 -8.71595400462475e-05 -0.00324652813622031 -2.35308169014083e-05
0.115941626309694 -9.25191510083972 0.00650139828476375 -0.000108694833235071 -0.00332815547123726 -0.000514409866082709
0.134497151308218 -9.32519086475573 0.0107999425400776 0.00155615794633817 -0.00427701390060749 -0.000535406006159298
0.16276391481804 -9.41203365577497 0.00109733663299379 0.00134864149203263 -0.00505225969398537 5.30312426560717e-05
0.199430830814642 -9.53998928261363 -0.00171989847101143 0.0012577395048667 -0.00770051218281845 0.000124249870080406
0.237805630869233 -9.70631904918546 0.00481827777221845 0.00155814153239484 -0.00852816217774762 -5.43224402137042e-05
0.257007471035757 -9.88554669969424 -0.00228804791489723 8.85629552403598e-05 -0.0103099743099202 0.00010769139672159
0.271091688164915 -10.0944389823052 -0.00541842632983023 -0.000279767838148321 -0.00969046635535889 0.000161906719142237
0.250242323660885 -10.2941980330289 -0.00334271153364299 -0.00143606534878766 -0.00962213791451826 -0.00039264117995483
0.207007911580992 -10.4582327478362 -0.000493603002732474 -0.00190288835411152 -0.00869016843736658 -0.000305317794381351
0.165846486101992 -10.5991547417923 -0.00205789488501325 -0.0027890489240831 -0.00593642404676413 2.56494126699154e-05
0.111021368915379 -10.6926586663536 -0.000145526236784659 -0.00240364104139023 -0.0038168557689509 -3.79108898685957e-05
0.0735410988641139 -10.7421218386669 0.00752802431156468 -0.00120191610136787 -0.00106987893272158 -0.000449732925260495
0.0419008389215307 -10.7593061929159 0.00541008517630889 -0.00160698681054847 -0.000444965219688184 0.000318109122965254
0.0342484267962668 -10.7651948318287 -0.0070104195884048 0.000419524428196637 -0.000384241281235216 -0.000262853245881897
0.0554611031776868 -10.7647415052165 0.0108766733215593 0.00153758972733147 -0.000893387975016153 0.00020751574843851
0.09315291783575 -10.8035751925889 -0.0053956863939237 0.00151814576126359 -0.00195704786941136 -6.00359960296956e-06
0.126873054482207 -10.8757132333195 0.00617935121243568 0.00253013848142863 -0.0049266877091711 2.13911155791932e-05
0.179141120725548 -10.9804277863679 -0.00188742281166075 0.00264565659620549 -0.0056045584436455 0.00010467402408386
0.2159028143141 -11.1348015624807 0.00221191334533623 0.00109779129414317 -0.0087203159132321 0.000202756086334056
0.253607091804505 -11.3253278718262 -0.00475287664231672 0.00130620003695974 -0.00956951042394991 -0.000159029034698669
0.265267531331271 -11.5316125331828 -0.00368753970367788 -0.000589874242199756 -0.0102147707198884 -3.80495420080185e-05
0.24700886364692 -11.7316307532409 -0.000476192801327105 -0.00132636886279303 -0.0102660344143711 0.000248894217051556
0.208796655427197 -11.9040185069502 -0.00762053693310013 -0.00288258487188456 -0.00757645811718408 -0.000408953869261041
0.162093800690788 -12.0351591746472 0.00252285516141749 -0.00245317284462745 -0.00559051028779184 -0.000195855487318761
0.11209486579012 -12.1110367443998 0.00172231563657103 -0.00226043620031587 -0.00363100088093358 1.86186141089759e-05
0.0787093191336644 -12.1677600937062 0.00466025468375016 -0.0016031837862072 -0.00129578498615445 -0.000174683084260033
0.0499725370062993 -12.1853059297269 0.00740548044843839 -0.000354348652482269 0.000254529266111625 0.000606178569666534
0.0394001214188623 -12.195072871561 -0.00153944285670153 0.000293348331788694 -7.26674610529994e-07 -8.79597396178121e-05
0.0543935228265098 -12.2059585043793 -0.000227825023432664 0.00105641005614997 -0.00143909907684145 -0.000147235258201432
0.0843380696270706 -12.2357821081752 -0.00712772795996102 0.00145324822924971 -0.00234976562405882 0.000457521349100894
0.126764490399326 -12.3033223718049 -0.00244327562117313 0.00261812874877984 -0.00486374150013311 -0.000652820336764575
0.175912530461114 -12.4192787099693 0.00716414743830317 0.00244388910356174 -0.00666069904753435 9.34619880830631e-05
0.211905988247951 -12.5571654560068 0.00678929534167854 0.000810935867337847 -0.00790246875890948 -0.000344838714362081
0.226394132827164 -12.7244456723927 0.00458339892753494 0.000180564539447247 -0.00906171447158101 -0.000559440299593695
0.225488149666801 -12.8926882383698 -0.00153139856210027 -0.000538511681649447 -0.00852252928977146 -0.000569226636701105
0.202999414541093 -13.0612240683576 -0.00700530844236201 -0.00175388660359593 -0.0074913078186791 0.000528476551584989
0.160659317920805 -13.2004316748375 -0.0128660490552384 -0.00200809216234437 -0.00525288269180637 -0.000387999278619264
0.0940004880381029 -13.2993749240103 0.00022641296536504 -0.00258371420033329 -0.00437490911678602 0.000101280179255056
0.0550107219655266 -13.3420382372859 0.00228490031359985 -0.00213483220016244 -0.00190867913635953 -0.000290924221640646
0.0199119236130578 -13.3615267961071 0.011121607021748 -0.00151878510376633 -5.56621969525704e-05 0.000469708779671746
0.00964060645294304 -13.3550258972939 0.0111797371702388 -2.44982364402556e-05 0.00069858312927636 -0.000556055057320223
0.0137384871879542 -13.3346140639971 0.0100848604682958 0.000483572889262355 0.000922826811864098 -7.39862958757266e-05
0.0355428184728862 -13.3346494946943 0.0101933707835906 0.00188168233164868 -0.000631826946683058 6.84473191276236e-05
0.0789156354226155 -13.3571249510815 0.0177773344975596 0.00282087187519956 -0.00167067888564521 -0.000254803539661543
0.141373520293176 -13.4280944818377 0.0157122074277351 0.00237797606430662 -0.00540496979875594 -2.56542489937793e-06
0.18158905287942 -13.5534212686993 0.00439336185662523 0.00242338196761913 -0.00697787097738843 -0.00012458353942118
0.214655854180723 -13.722739833535 -0.0167348358330652 0.00126450872960427 -0.00916685402077492 -0.000501696023808429
0.223282426577892 -13.9044350138474 -0.0238816298401143 -0.000140970373220292 -0.00888505845873842 0.000692250889738746
0.196707741590804 -14.0749295570663 -0.0183093950249284 -0.0019215699866125 -0.00880372424245222 0.000389659450650909
0.163413235321305 -14.2359061193125 -0.0156812892597733 -0.00213334868563497 -0.00592053966689799 0.000147913617395327
0.108110719145188 -14.3311059523401 -0.00483214384526238 -0.00327751039449286 -0.00455830725848322 0.000185324208232894
0.0413190208856586 -14.4021155698714 -0.000174914353520342 -0.00311630443851012 -0.000750379433401449 -1.44653706111836e-05
-0.00905188987061944 -14.3970694505687 0.00972110201703355 -0.00260031014566947 0.00205671712710011 0.000546659946944664
-0.0546186802803433 -14.3352047121238 0.0135419297639705 -0.00131105710327456 0.00412295607239481 0.000365691498740554
-0.0604024905787481 -14.2726432887317 0.0176284588266093 0.000380696126875789 0.00298640961572624 -0.000154868235706605
-0.0293248602877361 -14.1912832975168 0.0170224304306669 0.00147434794132808 0.00248697903463143 -0.000204941386194292
0.00828990235379773 -14.1590784674531 0.0139054971976138 0.00323435227300484 9.50079435389171e-05 -0.000394269957724646
0.0705545684079672 -14.1828400741075 0.00458617396854546 0.00295678225031784 -0.00217368257757687 -0.00070852498846353
0.128238927685841 -14.2597514903542 0.00724505453858505 0.00245687979408709 -0.00482423136063096 9.16008741853217e-05
0.17329924925258 -14.3781772798163 0.000909263756981918 0.00194417269762378 -0.00717030653886206 0.00051820527927672
0.219251983147384 -14.5209537437204 -0.00296487879749537 0.000421320111000427 -0.00854845665623073 0.00011675906788103
0.210713574323142 -14.7035391196443 -3.1972021301888e-05 -0.000524192130664257 -0.0079360630645238 0.000913911321858209
0.185390300233999 -14.8736590838531 0.00434485874183863 -0.00162303743411333 -0.00770375537673354 -0.000452946752132679
0.145701533185874 -14.9922895316201 0.00251203494392746 -0.00207352304080172 -0.00631835121355285 0.000397274796468623
0.091358257811678 -15.0818024213438 0.00662067477786811 -0.00249862336377983 -0.00339193811630242 -0.000517473637798288
0.051135736070384 -15.1147458430532 2.23772028575528e-05 -0.00169370152418852 -0.000894459127391283 -0.000774291340077672
0.0228793634961538 -15.1342199435486 0.00231215440625 -0.000614561510576923 0.00111025897788462 0.000356172661057692
0.0232837108861675 -15.1069944896331 -0.00739301010558796 1.73223345065329e-05 0.000658546071549106 -0.000427753981968083
0.0510441429700483 -15.0966864580696 -0.00776279239710145 0.00267476715120773 0.000405500238164251 -0.000254407203864734
0.108691019128751 -15.1099217052212 -0.0115079491810261 0.00316205725217812 -0.00163165411568248 0.000258756120038722
0.169032185113956 -15.1932559239177 -0.00880042715401028 0.00396451066385413 -0.00631474697798467 0.00020187295461158
0.252960850086006 -15.3415368063693 -0.00662399126044703 0.00408124118464529 -0.00931468434013605 0.000569134324586977
0.329346670258108 -15.5670413870108 -0.00454868149410733 0.00218472186860816 -0.0126200398388039 7.98626526736144e-05
0.374111775957114 -15.8458188069638 -0.00168503297806867 0.00147178911200117 -0.0144631410740976 0.000638688558589362
0.367632285381074 -16.156864207281 -4.25849049764887e-05 -0.000929599738930251 -0.0156875021272531 0.000507340977174765
0.346617029456474 -16.443573953187 -0.0026756569642068 -0.00269820895222664 -0.0138392853169343 -0.000375920489517357
0.28920573196064 -16.6826404347341 0.00576622741549815 -0.00341722724329643 -0.0113146970814268 -4.53322051660512e-05
0.215544948008088 -16.8780362506362 0.00815468132810573 -0.00410965229175914 -0.00691995341963801 -0.000187937201262514
0.134620609986659 -16.9795181223094 0.00880283397450467 -0.00376187555956322 -0.00396189553535254 0.000313780474825831
0.0800971846079936 -17.0423801218374 0.00768468947798524 -0.00256873956119063 -0.000849922785399435 -0.000138965227576643
0.034824520692258 -17.0367878104584 0.00796319565228187 -0.00113259200923673 0.000119659770074986 -0.000519540377414709
0.021692829855707 -17.0265629613583 0.0111884041427008 0.000661679154642253 0.000776680862274853 -3.74993870036819e-05
0.05881916530714 -17.0076042200713 0.00915250982299561 0.00177061882479059 -0.00100429559533307 -0.000164720529018747
0.1107785385012 -17.0638934923115 0.00328935316013203 0.00285549530406081 -0.00346359103670734 -0.000124105157531507
0.175924065145207 -17.1549007565015 0.000311802556051563 0.00319027381150624 -0.00576802513918844 -0.000190343075186838
0.221642703010763 -17.3004358005301 -0.00842109608640982 0.00322788038326124 -0.00903385133487576 -0.000275398952821648
0.279302166651041 -17.4948898851973 -0.00344925968597207 0.00226154199052372 -0.0106947497101668 8.53307172740588e-06
0.309975950357811 -17.7395121388563 -0.0133153038085612 0.000589220277454895 -0.0123690493930358 -0.000560803309748825
0.310948549414417 -17.9814780167737 -0.0311273579479256 -0.000440306931766374 -0.0122351716868446 0.000221517993516033
0.296403096475426 -18.2251218065105 -0.0239786862312145 -0.00165731511271324 -0.0116248484606011 -0.000611328189987815
0.241042516451268 -18.4198880390579 -0.0219345745498523 -0.00281551249159792 -0.00888703754201039 0.00108688702821061
0.183368616073707 -18.5790504594079 -0.00633408098106273 -0.00307905261395539 -0.00661194260731969 0.000448123342861518
0.115903794238719 -18.6774865025018 -0.00156474303796173 -0.0025411840315154 -0.00260576407090965 0.00133118054282206
0.0711572754710015 -18.7009632190077 0.0130416189072355 -0.00231733993384955 -0.00121247226808882 0.000246941499410287
0.0479378459402478 -18.711056263311 0.02487409263074 -0.000370028508253201 0.000765772335064534 0.00103449334807425
0.0662382953837431 -18.7120647292959 0.0193513757703211 0.000944160002061749 -0.000170449212411731 -0.000403050682439049
0.079985702105807 -18.7249207499871 0.020060770516119 0.00196013456654267 -0.00213121812564579 -0.000330660458255838
0.132142903031056 -18.7657984208271 0.0119124314353002 0.00398177160921325 -0.0043400294689441 -5.40400062111801e-05
0.207153744053563 -18.885479392851 0.0102438377095552 0.00321082237037421 -0.00719337583173301 -0.000733234655628795
0.276349368788825 -19.0702139087035 -0.00102089155819156 0.00305946206857083 -0.0108281890047344 -0.000485121499401696
0.328204338903145 -19.3072390077228 -0.0150610495493663 0.00176577163302561 -0.0128039339545194 -0.000754497144421843
0.334414868174454 -19.5891965043854 -0.0183266640054353 7.78772985261838e-05 -0.014075284388523 -0.000202086511968224
0.334241408351574 -19.8516647859988 -0.0342694700675499 -0.00175358433209405 -0.0130793608477771 0.000467528875739645
0.28806281138539 -20.08923851054 -0.0327440441577456 -0.00295475652497901 -0.0112683488334383 0.000256873896410579
0.221255181155848 -20.2928540557114 -0.0275714508893561 -0.00326652060131406 -0.00836526249250986 0.000653452107227332
0.168810980360569 -20.4276181792731 -0.0199115215092251 -0.00313533998102267 -0.00490506657353716 0.000659562516605166
0.112275975239681 -20.4939107020327 0.00918384407430897 -0.00248498509011152 -0.00293144897838381 0.00114478217747476
0.0711663792362326 -20.5210584185467 0.00926796451476122 -0.00143879487888907 -0.000748796939100016 0.0005855418694016
0.0621237061987465 -20.5319183258227 0.0219552679041853 -9.3423802846824e-05 -0.000333982919587848 -9.81709581474384e-06
0.0918675643621552 -20.5480960150937 0.0264237737264402 0.00229750736716005 -0.00148325434139069 -0.000219129634224257
0.152825367434488 -20.5945499193318 0.027854123179271 0.00335027925281529 -0.00423932651545071 2.90450755190268e-05
0.208385804900471 -20.7070074920291 0.0299842479130993 0.00347560297517123 -0.00707141327964469 -0.00122108654591181
0.279698071892587 -20.8721090294045 0.00210510949402369 0.00361211002465563 -0.0106716857179611 -0.000972153766950743
0.339568053817069 -21.1231489130807 -0.00734516997797948 0.00286787628121811 -0.0137477322627424 -0.00101190386755465
0.39342494322704 -21.4002268008942 -0.0252215415701589 0.00132859823161864 -0.0148005007384864 0.00032746434635066
0.374032904865857 -21.7105070934337 -0.0272780239352227 -0.00138425463697706 -0.015624356099865 1.23074148448044e-05
0.344797148960913 -22.0067606512683 -0.0304426388479213 -0.00259023493539493 -0.013554189428556 0.00084819334648862
0.284545503726351 -22.2509472815059 -0.0310681363620101 -0.00417070483439042 -0.0103155532487667 0.00056631024177373
0.199751929339525 -22.4309094113389 -0.0221809334365325 -0.00458059624083428 -0.00656584495247406 0.000971637167454239
0.11705120869106 -22.5190439334401 -0.00764747801698791 -0.00397998807633671 -0.00265983395350103 0.000402415014701078
0.0588039631478042 -22.5539897294205 0.0207614614359843 -0.00226699483886825 -0.000587099846515185 0.00123679303146166
0.0357205452338957 -22.5506789859558 0.041538946611525 -0.00033920479568361 -0.000207566790644172 0.000545415269500438
0.0518191186316714 -22.5347397187827 0.050030478418076 0.00182930976608829 -0.000166858533384581 1.03213776630793e-05
0.109868673205241 -22.5569779070904 0.034776164916318 0.00237781945881964 -0.00239186655362255 9.71817584232549e-05
0.163487413511813 -22.6240297666091 0.0309821398669684 0.00258683401633915 -0.00526162261702363 -0.000616602125745198
0.23333069997341 -22.7737303197817 0.0056620655705739 0.00338356530744516 -0.00796660814646576 -0.00148809701805894
0.27157665993557 -22.9548481890308 -0.0135772642946012 0.00216471001610753 -0.0105376285181071 -0.000766620692623861
0.316106137939063 -23.180947474861 -0.0342320697465605 0.000937376550437253 -0.0124611091516738 -0.000771453453461817
0.330216044650449 -23.4466897751504 -0.0346780325866205 -0.000220083548513084 -0.0128612312453272 -0.000366492949840986
0.314839819600067 -23.7034256357204 -0.0471774721657904 -0.00154220065219823 -0.0121257387789462 3.943658854458e-05
0.269991048487381 -23.9279450111509 -0.0354028589455973 -0.00333266525799215 -0.0102533533224902 0.000554313748177229
0.202757017805577 -24.0984110171191 -0.0304812845423367 -0.00339336279039694 -0.00771832938041156 0.000912591267851119
0.138812407817136 -24.2277776100818 -0.0130495681645891 -0.00325003148513735 -0.00399361331490778 0.00116123587850415
0.0817963229511905 -24.2774873377258 0.0136131413127086 -0.00311416723997511 -0.00182689128782309 0.000917751195633731
0.0383795531928393 -24.2910289178586 0.0320771332619533 -0.00100975728812599 -0.000279938434738273 0.000673743887378201
0.0176133625620492 -24.2801269822162 0.0439934289458738 -0.000135789218492645 0.000895509511557903 7.10744192650649e-05
0.0249076219598019 -24.2451026982833 0.0516785778363605 0.000977623518761031 -3.02199681147867e-05 -0.000807785968228662
0.0518650340420067 -24.2730095684128 0.0380568703481536 0.00279838503909594 -0.00158271886079562 -0.00119238675475144
0.121479142248168 -24.3013556410548 0.0201660750463599 0.00294648375972985 -0.00309885158367674 -0.000408437716918498
0.181165541202136 -24.4041031789873 -0.00549643972616109 0.00324317485217291 -0.00687836282220564 -0.000950313927894827
0.235763877143926 -24.5587381206146 -0.0271457405530299 0.00255598014501928 -0.00910029287679116 -0.000846806631754618
0.276917030875908 -24.7550584269311 -0.0343195508782147 0.00129885503056164 -0.0105430339361089 -0.00088829104197901
0.296342782728482 -24.9909550228037 -0.0499992461354697 0.000183697752776492 -0.0111508999271171 0.000493818295927811
0.287823029043836 -25.2134547879149 -0.0379440293946422 -0.00123801889249681 -0.010531642884147 0.000348881479183579
0.241310096395977 -25.4317540883741 -0.0327870897256292 -0.00119747811951404 -0.00976048369702959 0.0015529563326164
0.213325036835207 -25.5988262477206 -0.011743412921885 -0.00235818408516339 -0.00699393104852333 0.00125206382361508
0.146279676180077 -25.7210639118142 0.0166211699842345 -0.0028495332039005 -0.00575484053427537 0.00126122267312858
0.117491668658937 -25.7964184244437 0.0374269883450457 -0.00160104640079644 -0.00346047933063949 0.000581114823143593
0.0744442275496067 -25.8417740679846 0.0534492027169191 -0.00122989586356698 -0.0012945167917107 3.06059627803216e-05
0.058654564456931 -25.8716541697623 0.0574522111543893 -0.000523767732407625 -0.000932487164626971 0.000321942633560838
0.0456637574337797 -25.8951621081388 0.0427144893546103 -5.4390962185122e-05 -0.00054663388944605 -0.000449251515544805
0.0613536942857143 -25.9154023724814 0.0296055926748728 0.00163276718901645 -0.00118422971357557 -0.00120957604391052
0.0833290314540816 -25.9455346619239 -0.00475754622804936 0.0015538029407926 -0.00224045524027053 -0.00153076375355956
0.121799111188961 -26.017096865397 -0.025084172829953 0.00235190359186344 -0.00415252350383632 -0.00107099003449712
0.159841806169578 -26.1173830862095 -0.04813537128913 0.00198575236300757 -0.00604139326396756 -0.00101269412318884
0.18655543615141 -26.2562907449976 -0.0609433579176625 0.000681812597394837 -0.00704266659954589 -0.000565554715583173
0.200236574810468 -26.4103398046757 -0.0574938729049644 -4.57528115456016e-05 -0.00747463940116175 0.000278594863165459
0.18915807638165 -26.5799544115822 -0.044256935253993 -0.000863004539449982 -0.00744277045274408 0.0010289178996037
0.178345200262303 -26.7256713146866 -0.00923303298098905 -0.00145105373180123 -0.00685343415112502 0.00202920934303935
0.146778733062368 -26.8421962719765 0.005288291414884 -0.0024684481904188 -0.00489597191925279 0.00122805493341368
0.0842643716661629 -26.9168072163406 0.0294486794619431 -0.00269965280091893 -0.00319166071640167 0.00143358215162324
0.0571680279537054 -26.9557555789753 0.0459167890147246 -0.000814307341089498 -0.00109486437435618 0.000912840592619524
0.0290427575844471 -26.9694069285188 0.0525486411202916 -0.000703527893074119 0.000314416376063184 0.00056960467436209
0.0358803907053664 -26.9712827011299 0.0582715394408235 0.000282692473046232 0.00010539836145459 -0.000428833246634586
0.0484242931870346 -26.9754906373874 0.0282496033176657 0.00110565409107557 -0.00022567132889757 -0.000743178198022219
0.0857842696981386 -27.0153056084558 0.0213165275514328 0.0019117360170218 -0.00224879610764144 -0.00118569522042616
0.140078495591774 -27.0799482776366 -0.00838573558809085 0.00292041578698588 -0.00469096300552486 -0.000376029891958256
0.189074519682325 -27.1923950270313 -0.0290005365954565 0.00243883391799544 -0.00636949070615034 -0.00136927224158099
0.231782763854083 -27.3547090663564 -0.0477703133312758 0.00232737728041479 -0.00900870077340905 -0.000708232902289982
0.289320902158198 -27.5499102798905 -0.0493820235049824 0.00119135105341338 -0.0111178009401498 0.000341219066658414
0.309610916279243 -27.773878568579 -0.0630077868259386 0.00138995729692833 -0.0122646592007446 0.000115032117282035
0.314536285106727 -27.9983704195619 -0.0307524990702595 -0.000745473168212086 -0.0119468804474454 0.00121326228390068
0.300105844630161 -28.2569073489005 -0.00764787547586379 -0.000872476468130223 -0.0112726800224523 0.00111681400274417
0.277150857760615 -28.4539003523182 0.0127646887568007 -0.0019898141198174 -0.010137754423113 0.000880590139453443
0.231857580758136 -28.6515224297855 0.0312771898683138 -0.00211411612403587 -0.00790276282999937 0.0014935776271399
0.188048530395853 -28.7861298143965 0.0575338971573987 -0.0019740137241596 -0.00622512417027961 0.000802924153942821
0.16868884118329 -28.8910104160154 0.0664274406578035 -0.000686875364501292 -0.00556502834288955 0.000630861316867242
0.161625096031696 -28.9866560817774 0.0770067535124384 -5.50963625457758e-05 -0.0040094869434272 -0.000855176962368986
0.164898785536223 -29.0615084998652 0.0559401676374565 0.00065958659095223 -0.004558826521354 -0.00161617364188548
0.192412574235869 -29.1725714143247 0.0248128611818816 0.00139084381653239 -0.00520985882763433 -0.00180968690350822
0.227964815515992 -29.306671788933 -0.0102978882043619 0.00200875091943791 -0.00706789776753354 -0.00172489646912952
0.270156673498756 -29.4698651679875 -0.0616689581546214 0.00219150366077693 -0.00946472078395101 -0.00103894375135549
0.304289732815956 -29.678154737776 -0.0765682418148693 0.00169171817170619 -0.0111994040714697 -0.000736767691619255
0.343209399349442 -29.9082415992289 -0.0878080649256505 0.00103260793167543 -0.013037841088963 -0.000477171275477503
0.351755532859805 -30.1610833075996 -0.0740831608519661 5.00331572860447e-05 -0.0130733882369571 0.000629620278206116
0.348335647786579 -30.423980960501 -0.0462523911965482 -0.00127611177485832 -0.0130413733848532 0.00115678569294178
0.310720172216195 -30.6604471832397 -0.00436044563153816 -0.00180686755069095 -0.0121025771012527 0.00197929908627147
0.298570106283421 -30.8884853698718 0.0294894509192724 -0.00151172915129151 -0.00994129996374701 0.00180877138279278
0.249494238482253 -31.0647855267562 0.0553665952293816 -0.00192940121731231 -0.00831311673544871 0.00288872501200441
0.208063428514349 -31.2132244085091 0.082182525254116 -0.00146230688488319 -0.00711778118045162 0.00063173971171992
0.180987826144916 -31.3247927246221 0.0663874947766256 -0.000645002265701429 -0.00488497787386682 -3.29263386160571e-05
0.170656674238086 -31.427097689849 0.0650389314499575 -0.000180015080081061 -0.00530289957181147 -0.000668381812773746
0.184067882460682 -31.5394248012778 0.0464815555707733 0.00138558092922674 -0.00552272041022281 -0.00229760181389253
0.217523188820166 -31.6592763646464 -0.00874716670237939 0.00182663246220586 -0.00616556896805574 -0.00232420346522939
0.25699602129776 -31.8011054178709 -0.0287462692503294 0.00223265841765481 -0.00811868035507246 -0.00142324235046113
0.302241868990032 -31.9897737167094 -0.0710673232906462 0.00159202254010166 -0.0106022117638128 -0.00118519214601624
0.333423720340608 -32.2364937355972 -0.0702711848505291 0.00203624336772487 -0.0123907834338624 -0.000320792802910053
0.359960328074143 -32.4816305059473 -0.0724551878314212 0.000779343018767823 -0.0128553399973473 0.000170706160886
0.366138762466954 -32.7429420118798 -0.0500078092939223 -0.000451234187313185 -0.014344741497177 0.00116152016937894
0.374828376514415 -33.0167269395299 -0.0379752499167721 -0.00117610599041214 -0.0135923763060124 0.00200950215393834
0.340910080058066 -33.2941578342548 0.0100177583507976 -0.00122498405793232 -0.0123589706367216 0.00177914319495428
0.310457505045847 -33.5035587261883 0.0451237426684961 -0.00184140331236196 -0.00983694148383642 0.0019721099136604
0.25694129258534 -33.6993645221695 0.0627952240641137 -0.00193277013412917 -0.00956383391321843 0.00146175381262155
0.229024305892749 -33.8636017453014 0.0781148630508702 -0.00114134614273234 -0.00714594936361804 0.000464021836570123
0.199027992008619 -34.0025709849929 0.0757495366244697 -0.00128342968823648 -0.00626365443067807 -0.00117538793751263
0.183729550526565 -34.1218519262594 0.0518182390879633 0.000306337864038345 -0.00544488205900223 -0.000881872234523729
0.192926954116611 -34.2396344852658 0.0235523511153247 0.000359915082278053 -0.00557321203697434 -0.00239842113496309
0.197362852823298 -34.3672604369486 -0.00765871537777476 0.00150000867150906 -0.00767236411648904 -0.00176677754327608
0.223834480021109 -34.5184915843565 -0.0320092550585592 0.00149472615688411 -0.00761142330655046 -0.0018554118704889
0.264194846992075 -34.7006289629997 -0.0539799261934691 0.000668781539144692 -0.00968488431752972 -0.000693586566470829
0.277520503211814 -34.9064269569369 -0.0686652013670938 0.000510156213938189 -0.0108643834400055 -0.00051764268621942
0.299412201346471 -35.1242149198901 -0.0626603059633342 0.000860186786597088 -0.0111233915442186 0.000593560406481736
0.292740555341136 -35.335347155622 -0.0529032090340792 -0.00134483067125645 -0.0108186489480207 0.00139395211153184
0.27578825472987 -35.5485839722466 -0.0229062907527772 -0.00110638399365211 -0.00997078937418064 0.0016801746884703
0.239474753379444 -35.7389147792053 0.0194585760257297 -0.00159460658320653 -0.00883454398879513 0.00148102379098077
0.211751504746985 -35.8978752568092 0.0491777615617635 -0.00161621367392209 -0.00738376680091501 0.00117972488492999
0.169003165690961 -36.0220567590336 0.0741693271340235 -0.00181691003960258 -0.00543393766692142 0.00031756545751407
0.141450591107474 -36.1306003220826 0.0767408515602145 -0.00137127966497179 -0.00437874241345685 -0.000103434606115484
0.142114489733827 -36.1951969474836 0.0681308009172838 0.00034678777211122 -0.00370451421265894 -0.000588085141819198
0.151157049711242 -36.2818163948914 0.0379101975112139 0.000513430360947575 -0.00436808537286235 -0.000355485831931595
0.17967862004572 -36.3872995577147 0.0206169817092214 0.00123111244003658 -0.00632871483646339 -0.000899780410072448
0.205738139187835 -36.5166987317676 -0.0167684960464296 0.00153887695173582 -0.00744805733841377 -0.00115345145850974
0.235226111925009 -36.6768527330527 -0.0346368672748497 0.00150560305341351 -0.00807550697912982 -0.000979080217191369
0.246324046594959 -36.8403968117366 -0.055587733257366 0.000493928214412496 -0.0093039305828896 -0.00101024224423145
0.253694805841697 -37.0358959656751 -0.0607123565307139 -0.000482292995230977 -0.00983952367855363 4.15950202861417e-05
0.25315877849843 -37.2326342403076 -0.0535377519340565 -6.74212789037971e-05 -0.0103458589152155 -0.000196464312731944
0.22891389786414 -37.4255236587565 -0.028869151048266 -0.00113635958455488 -0.00883501702323919 0.000818256411154809
0.211286837137224 -37.5947684535797 -0.0209569985675366 -0.00177505183538859 -0.00756969961141382 0.00182608941712073
0.14988680082243 -37.7208493502336 0.0202135893170381 -0.00252464260819554 -0.00552593730050324 0.0013237669503954
0.108431655826845 -37.8111355695372 0.0331637249877451 -0.00215068825619954 -0.00298375585135525 0.00170726255262399
0.0684512325791757 -37.8628319967448 0.0550846058141721 -0.000826015242227042 -0.00128433601373825 0.000867007082429501
0.0624983145774137 -37.8825782121948 0.060124975409539 -0.000379376254711511 -0.000562510547984923 0.000159254531023485
0.0562642902072125 -37.907912545173 0.0481561096037516 0.00140216202413843 -0.000478730114875672 -0.000530581091318889
0.0810775907876887 -37.9226809975961 0.056643405120706 0.00177403661366786 -0.00231790041499526 -0.00115286437458975
0.119780516277623 -37.9993896939287 0.0268775984809015 0.00285576944241182 -0.00469327550051222 -0.00112494832504025
0.187838323194628 -38.1130140937986 0.00111395266769411 0.00265426168941729 -0.00706699092029943 -0.00197297359826802
0.220123674079335 -38.2798072744083 -0.0176881979805711 0.00154114716073006 -0.00866338756181925 -0.00172187343023256
0.243405351941411 -38.4768707285087 -0.0451667612116293 0.000390067667502951 -0.0095448705283353 -0.00131025168019481
0.244140705335901 -38.6601361175024 -0.051315585142582 -0.00123719051107325 -0.0094576696066958 0.000469482853121991
0.201693536091903 -38.8539081888222 -0.0487506066384118 -0.00186048267157409 -0.0079130689843111 3.37520187374523e-05
0.173413113807606 -38.9935515179836 -0.0431168671901566 -0.00162981443624161 -0.00560021423639075 0.00124364900223714
0.111890601289816 -39.0769949562592 -0.028550746940332 -0.00280830811499925 -0.00375569388066398 0.000902724362195304
0.0710658988863909 -39.1365542195054 -0.00321641019859113 -0.00188193348171463 -0.00168103585131894 0.000961722906924461
0.0232685733658756 -39.1550016895554 0.020851823703815 -0.000800094058275759 0.000303756665665365 0.000733738757885251
0.0101665208981405 -39.1474875217745 0.0422342361567417 0.000185971941579462 0.00025661307460664 0.000704152859293834
0.0245135933270407 -39.1430885998943 0.0425860284505022 0.000911791258778223 -5.12171147021071e-05 0.00079049673563392
0.0601760842996669 -39.1634203574447 0.0612932235304361 0.00130934093276802 -0.00075820141353725 -0.00011244704118716
0.0943846439249354 -39.1874850750243 0.0393329610469533 0.00131395431849263 -0.00207968095654156 -5.90780436103937e-05
0.128854347311385 -39.2726216588576 0.0432237241647615 0.00268420054717269 -0.00576511276558452 -0.00092188938957476
0.194601916881877 -39.3886736899358 -0.00318050636766504 0.00264501754737164 -0.00688701267878973 -0.00146128190327017
0.226023719116251 -39.5505567113318 -0.0190657610974116 0.00120116748583244 -0.00863575076198499 -0.00129229510568234
0.239618344619578 -39.725056333947 -0.04401667803762 0.000509985783493282 -0.00955341764145873 -0.00114984834241843
0.244398687044703 -39.9121345642602 -0.0571562477979534 -0.000598000185427406 -0.00882694019466031 -0.000438309896129876
0.218615650228413 -40.099667384346 -0.0496548771440698 -0.00147429037734393 -0.00825305866347712 0.000204923068909638
0.185670603182944 -40.2494233138547 -0.0398965035041015 -0.0018682750386937 -0.00580901462621885 7.76107878037474e-06
0.136125127606148 -40.3522318916006 -0.0167433963261663 -0.00235689829930917 -0.00491974147325933 0.000739998489482264
0.115316401144414 -40.4395220975189 -0.0075597533312573 -0.000797675768781627 -0.00321931226702997 0.00182842294822888
0.0951298264395656 -40.4932780959966 0.032503072232987 -0.000918884696460661 -0.00207513718493632 0.000866795953590124
0.08054984080721 -40.5367977112618 0.0510667770862069 -0.000262212334639498 -0.00138323483855799 0.00105565302429467
0.086791189204465 -40.570618573278 0.0597143851694049 0.00011049093153054 -0.00231646125226004 0.000179259614810156
0.10013070612766 -40.6263989170969 0.0527680980496454 0.00171839543183609 -0.00315915621749409 -2.61402726556343e-05
0.141933648842114 -40.714650102206 0.0379436246125898 0.0011626880712424 -0.00478886463312535 -0.000468689536371535
0.178456344534801 -40.8195768047526 0.0172957111552775 0.00106574492042125 -0.00539909991844168 -0.000702019281811703
0.214092949275454 -40.958200054925 -0.0137700472883105 0.00143799054995635 -0.00819905184429807 -0.00124084674311563
0.250279132857939 -41.1171279145157 -0.0347148347839236 0.00132629173099881 -0.00797481024512535 -0.00131254725984879
0.265755812869794 -41.2813708024126 -0.0442256502840274 -0.000178036238232009 -0.00963458149832456 -0.000826588734641774
0.25572445227589 -41.4856829997673 -0.0471557955177929 -0.000594882972411036 -0.0101414291419432 0.000247161486605358
0.245739437450068 -41.6742600214406 -0.0452861705831395 -0.00106582907997112 -0.00968764884094008 4.58818962059848e-06
0.224839481166626 -41.8526715794207 -0.0186269888856706 -0.00150030732400032 -0.00856946618231555 0.0006987860230107
0.205192077641883 -42.0052342262299 -0.0147744798361185 -0.00242906588358763 -0.00689198243803988 0.000471269301687253
0.144430369419198 -42.1294461769178 -0.00399426180072904 -0.00269198355933576 -0.00577213500931551 0.00156474790522479
0.103122772172783 -42.2307206337244 0.0186885228791816 -0.00096138079408899 -0.00378258853442676 0.00119840210214355
0.0926966198005536 -42.2769894579632 0.033051734028818 -0.000786717061217845 -0.00270545925268642 0.00016581423070661
0.0650733004606714 -42.3081749019905 0.0465388724650821 -0.000869830803724578 -0.0020284217724414 0.000329888689046802
0.0678032538726334 -42.350952379173 0.0482793555536431 0.000601361285140562 -0.00138193571592492 -0.000563262985001229
0.082512615782598 -42.3852381352855 0.0291978185260044 0.000623157383945444 -0.0018811806885219 -0.000221983588037138
0.0970072414187964 -42.4542021336818 0.0191233232258862 0.00166006929678483 -0.00244810372959604 -0.000457937402308327
0.125085857761787 -42.5172481429777 -0.0107715501770058 0.00125988886683209 -0.00410504721588089 -0.000782712172043011
0.145367778111581 -42.6081054887582 -0.0247274125018652 0.000949196320981513 -0.00568061364917516 -0.000563135382574816
0.148903771709608 -42.739170625492 -0.0426004619755652 0.000752124528756649 -0.00642371928274601 -0.000373098558843085
0.175335901653878 -42.8809727440492 -0.0276702386880734 0.000344692969974979 -0.00726927031526272 0.00012866970558799
0.175319125240964 -43.0154498504192 -0.0283922655957162 -0.00108261925619143 -0.00683754861027443 -0.000254299299698795
0.163593199160164 -43.1743307993246 -0.0312246009077943 -0.00111347711385183 -0.00686263721704841 0.000429800447185167
0.163325706708148 -43.3102244103935 0.00285203975531825 -0.00138399069957118 -0.00535394880181619 0.000889034639704028
0.138560016153392 -43.3948589699402 0.0100808957732828 -0.00185930788369153 -0.0037337526346397 0.000615332355667931
0.0880441638355585 -43.4779389365109 0.029391204557208 -0.00173531565996282 -0.00261662875781646 0.00134671965692074
0.0684736666581892 -43.5068138946406 0.0377549102856901 -0.000923181883689386 -0.00176549339606646 0.000232459318413021
0.0505564233755633 -43.5342334014149 0.0298058104770003 -0.00106755921520279 -0.00105329090553524 -9.44419488138765e-05
0.0489599545768346 -43.5444709610978 0.0330146485289355 0.000649758901389244 -0.0004042528969573 0.000353646191937271
0.0734690374690356 -43.5681780202554 0.0200739200222089 0.00092505467668916 -0.00146297837191424 -0.000628008319808662
0.0954389095586975 -43.6147483714387 0.00553863110454156 0.00168742499485861 -0.00328255105569837 -0.000778214744644387
0.12140467415378 -43.6965963449235 -0.00940507252319588 0.00179155625945017 -0.00442495407044674 -0.00123649623281787
0.1507138563959 -43.7782792212017 -0.025932920857955 0.000886887558790594 -0.00656801556378672 -0.000602980130932897
0.188119257868003 -43.9043821523678 -0.0180560547624395 0.00128506520905321 -0.00709103329820318 0.000132828821700069
0.207159711459253 -44.0547443741933 -0.024387344966658 0.000683631375248983 -0.00795491355157184 0.000793220486706504
0.214672245680556 -44.2069079051398 -0.0199049956779514 -7.78197812499999e-05 -0.00787300411284722 0.000180870333333334
0.218909752377677 -44.3840805766559 -0.0122762942974055 -0.000133159971269372 -0.00786407794706599 0.00133305927389866
0.189500435641966 -44.5009379723558 0.0127423162904774 -0.000636245398446364 -0.00656076402897792 0.00135769830933054
0.180500738523026 -44.6392133105717 0.0153328330283663 -0.000597978858343548 -0.00634470222027666 0.00111270440640868
0.157579761868682 -44.7440892286596 0.0222337788555858 -0.00114972237233014 -0.00464078422255428 9.9909916498198e-05
0.157179900462841 -44.8285922968677 0.029309612129948 -0.000173500186017808 -0.00460644234946663 0.000683792377677863
0.149544295606436 -44.9147837125203 0.0326794172860679 3.77320597595474e-05 -0.00445022724893918 -0.000448239664957567
0.183276544928552 -45.0238768717067 0.0277114356874057 0.00171391958462767 -0.00500881593769415 -0.000484273355817875
0.195662537235388 -45.143522606855 0.0140847990867783 0.00115790298467569 -0.00636797938168211 -0.000886787656806843
0.221870117049664 -45.2838668031544 -0.0155075190371365 0.00149717044832215 -0.00844842340134228 -0.00144113797583893
0.235177802650862 -45.4608881113551 -0.039114765935704 0.00103261704471983 -0.00884396268947557 -0.00132645027658046
0.254102530701596 -45.6442740174624 -0.0601776103697358 -0.000191490900892777 -0.0102673834610876 -0.00104812638200018
0.237911381032235 -45.856171671849 -0.0741027730432814 -0.000431639790836653 -0.00983954322075335 0.000175858336653386
0.244885253010635 -46.050695004396 -0.0560736754658667 -0.000652751219889101 -0.00873940976820289 0.00156790911644396
0.205177287903285 -46.2019416531122 -0.0304765735739051 -0.00254689999270073 -0.00741229290693431 0.00160705522536496
0.158708705166346 -46.3457771436037 0.000155957093758592 -0.00164406657501604 -0.00625549769956924 0.00167013873888736
0.110299391410044 -46.4394662189284 0.0435529648942237 -0.00255329017844003 -0.00247310383830022 0.00149851526766004
0.0771713539634821 -46.4783915235254 0.0653403470499816 -0.00144453809756547 -0.0022702288509775 0.000650678594614533
0.0683914971317471 -46.5149293035302 0.0733336665669845 -0.000366723408943617 -0.000853384222757152 0.000255330949912045
0.057492850964896 -46.5309100973152 0.0653691990183878 0.000584496569465082 -0.00166695540768945 -0.000609198772288261
0.0707125558184024 -46.570561202458 0.0313974791629339 0.000802569664053751 -0.00214154945595371 -0.0013027553210153
0.0971717528308067 -46.619213143906 0.00994708650290099 0.0012739517967434 -0.00331599209900805 -0.00160825200917088
0.135533019441105 -46.6927712074901 -0.0305802283777945 0.0016275958294195 -0.00496226610464024 -0.00170799815423633
0.175057033164796 -46.8219873118527 -0.0598560144844826 0.00155443009621734 -0.00635212146872936 -0.00152924372134704
0.209837603013543 -46.9427610780689 -0.080082387495975 0.00184454418884364 -0.00676334067904158 -0.000961031477412634
0.234975553597225 -47.099796873449 -0.0906168135325984 0.00115953448678958 -0.00861204306880821 -7.14319169359435e-05
0.273116573035885 -47.2790474055535 -0.0768830526608131 0.00157659894063753 -0.0101003205487688 0.00172118570719603
0.285112071817921 -47.4883818683917 -0.0457084837133831 1.92302996362238e-05 -0.0116352390321654 0.00193345836779629
0.280852253763462 -47.7121755420721 -0.00487399103846154 -0.000673656849038462 -0.0106257773634615 0.0025848618875
0.26314604143519 -47.9353656976971 0.0506154831473796 -0.00141490916706882 -0.0102523666759965 0.00177325649068623
0.22497408602749 -48.1260772733182 0.0648900667631401 -0.00218976321750073 -0.00839412421062821 0.000791527416513406
0.17797766724359 -48.2717679164054 0.108970202557304 -0.00216056853146853 -0.00717073166958042 0.00147497518648019
0.116373677898021 -48.3901662054002 0.0946475220571317 -0.0030559045861363 -0.00411821642878034 -0.000715061869942478
0.0546453007459618 -48.4388122798101 0.0816358475986295 -0.00242235447087616 -0.00172887760352423 -0.000846801889378365
0.0117989881952226 -48.4417881636784 0.0425919050702841 -0.0018107711530522 3.07428546151578e-05 -0.00179922087486484
-0.0111279332610196 -48.4375018025816 -0.019518374332906 -0.0008562944887092 0.00180028640469382 -0.00214387529533577
-0.016638214776459 -48.3901438346083 -0.05110442440455 0.000288511345202769 0.00166116007418398 -0.0018221447586548
-0.0017141871349096 -48.38881121228 -0.0981948002662428 0.000950864003576396 0.000160037065368568 -0.00156510324557918
0.0534452063180501 -48.399851376319 -0.0970071424083508 0.00232301047547697 -0.000230807532714015 0.000485782052741984
0.0885137549794486 -48.4456147349574 -0.0955123525724311 0.00158207863859649 -0.00280276170726817 0.000533019687218045
0.121905386852915 -48.5134735253619 -0.0638410107198228 0.00160667493103795 -0.00502682935064935 0.00181943484345112
0.126272503707638 -48.6241885781821 -0.0340635687202833 0.00130374138088012 -0.00551338067779464 0.00157578984218513
0.160852478450147 -48.7572630489512 0.0264519086763363 0.000511467035196268 -0.00684480667309058 0.0024147433116949
0.154149841455896 -48.8804779095289 0.0545911481961542 -0.00122054710143453 -0.0054602712605555 0.00175696270220775
0.130024568322264 -49.0009070342209 0.0915401634678655 -0.00229450926739552 -0.00526263071625626 0.00152479054357822
0.103366666267187 -49.1040542652565 0.101754957122922 -0.00199023362712908 -0.00400345662117792 3.63154011902321e-05
0.0747535805729596 -49.1745018447826 0.0905261081523083 -0.00219652991240725 -0.00184954604802143 -0.00119389137366035
0.0269958225307812 -49.1935067639752 0.06540034511433 -0.00246202160786342 -0.000144337804449043 -0.00177196566373513
-0.0284537504235001 -49.1867170767397 0.0451580569835997 -0.00117091771019307 0.00157283871081586 -0.00243744443118123
-0.038544517104633 -49.1419376855752 -0.025961220242582 -0.000494568065590838 0.00201265018636127 -0.00208598436022905
-0.0466610925334448 -49.1017632309364 -0.0471151118467809 3.65307127926421e-05 0.00257832709343645 -0.00103152404368729
-0.0115524810967674 -49.0629019684687 -0.078509055302267 0.00119762603274559 0.00129000898299748 -0.00125262382031906
-0.00429758485934043 -49.0650972175282 -0.102408487566115 0.00166744431039933 0.000287138484880413 -0.000692130904014329
0.054064625362963 -49.0963021822053 -0.0868483565756614 0.00166150213756614 -0.00204244456190476 0.000982823335449735
0.0707451054509679 -49.1435326193182 -0.0638865347925973 0.00110018019144863 -0.00323918583918315 0.00117354401723038
0.0953185120485406 -49.2112724400342 -0.0122543041345023 0.000881151804768523 -0.00417308630706725 0.00240023226344488
0.103615804011166 -49.3030035445641 0.0311314233959631 0.000333740070861069 -0.00383611460919047 0.000890853344427743
0.117423799428818 -49.3858794795991 0.055554167613967 -0.000528798149585084 -0.00459276402629594 0.000971729998922298
0.0845715074780915 -49.4674846277973 0.0719901931180353 -0.00119257812939522 -0.00294203963864546 0.000849271986368062
0.0458049491959144 -49.5272151835586 0.0782819900869282 -0.00112525868521134 -0.00203083759208954 -0.000313787884385526
0.0208247921599826 -49.564636567621 0.056073028331517 -0.00150488912816042 -0.000321773322798605 -0.00173992928400174
-0.00864732328485511 -49.5520572443532 0.0345079669917988 -0.00115762458829962 0.00071927895133953 -0.00154943894915254
-0.031129644010983 -49.530596565642 0.0139590514102142 -0.000517352216364635 0.00158799929269632 -0.00119984907633169
-0.0506101715252369 -49.4993638204276 -0.0233990479248402 -0.000281506631033722 0.00234754813863787 -0.00196840537359489
-0.060670770159292 -49.4594683166117 -0.0453372682599558 0.000954740887168142 0.00156692416482301 -0.000656471483407079
-0.0195558923074358 -49.4225053706002 -0.0634016556452151 0.00174450199510948 0.00139090048238302 -0.00061628697343559
0.0414353846471639 -49.4068745825703 -0.0656064767451987 0.00199781736712818 -0.000876718114113443 0.000455201952880751
0.0792802917019845 -49.453730960712 -0.045049485147438 0.00184671547931382 -0.00226072832268192 0.00160229376723848
0.122993827369607 -49.5190031484375 -0.0230997794581503 0.00204649574067816 -0.00487045284555593 0.00114137739326349
0.147868570729143 -49.6231075375718 -0.0116312103131359 0.0013741144392946 -0.0060898768562062 0.00112563856093149
0.159308689762635 -49.7550539708722 0.0168719417047132 0.000163349101646792 -0.00667622572402044 0.00142075704940375
0.180214778045662 -49.8854975600057 0.0475470188573059 -0.000155250876712329 -0.00770421188584475 0.000978762470319635
0.165632604604795 -50.0269569164116 0.048429435028106 -0.00107948814270965 -0.00672404756797063 0.000417949776299186
0.137371176663977 -50.1498462424104 0.0539866949498559 -0.00216278191700288 -0.00562426765072046 -0.000517563397118156
0.10191460535863 -50.2125775360967 0.0460444193741324 -0.00163196495835261 -0.00294785102151782 -0.000292069966450717
0.054545972109484 -50.2623631975395 0.0235202290341702 -0.00147940671199442 -0.00134155155392841 -0.0012783280311483
0.0370302188383485 -50.2684838001225 -0.00664122215885234 1.0443121063681e-05 0.00049078630394215 -0.00112606500816422
0.0248130567938217 -50.2705473927685 -0.02877740254271 0.0004934585033934 -0.000383670051486076 -0.00167690282354318
0.0402658320352734 -50.3029164946326 -0.0589186818483245 0.000795170210464433 -0.00183361150734862 -0.000371425862433862
0.0623842363919349 -50.3273552718253 -0.0766056768494281 0.00185764306567622 -0.00227261032897064 0.000224997876429666
0.0985995372785334 -50.3937031679006 -0.051710082017741 0.00129858590183323 -0.00388690608988764 0.00108848833353046
0.130765471647073 -50.491053450057 -0.0270961226303289 0.000664611761073507 -0.00582978771286071 0.00169160229426434
0.140097559585869 -50.5935461939301 0.00579655169829335 -0.000311637645303735 -0.00523103556749015 0.0018724829538131
0.122650912124116 -50.6978001771559 0.0406813310734396 -0.000236408395830838 -0.00529178541991135 0.00124222715107224
0.110613600509799 -50.797081512341 0.0683352027666226 -0.000774603634724059 -0.00440313441144644 0.000647393519297824
0.0986415571106013 -50.8579227891053 0.103187479157208 -5.04730354986721e-05 -0.00357575387829027 0.000437509660709973
0.0482394512905191 -50.9838103006617 0.104013374490617 -0.000782195578844748 -0.00198417111381916 -0.00141063126127224
0.0363462386523175 -51.0204703125682 0.0571435473498838 -0.000861722273449921 -0.00121171727528433 -0.00193436304757246
0.0294266176192228 -51.0283068341241 0.0204830117579993 -0.00153631853377467 -5.19171116832172e-05 -0.0022012149834498
-0.00884034808943089 -51.0212294129305 -0.0332900888309929 -0.00124967724932249 0.000599164347129835 -0.0023910415508746
-0.0294144534425216 -51.0192528737701 -0.0654135359419036 -0.000467597693448702 0.00130515156242274 -0.00148291114091471
-0.0395752111495965 -50.9672249934637 -0.0984114002247052 -0.000106516619491 0.00108791559404097 -0.000863334459342024
-0.0372459031208682 -50.9313360697168 -0.100861967238368 9.53218822502181e-05 0.0012087590856929 0.000720501430709742
-0.000820675456366595 -50.9069783300889 -0.0848451573932641 0.00163719681232002 0.000617208690371854 0.00141765083260298
0.0189254416263847 -50.9155323699371 -0.0470154280098187 0.000783530923967775 -0.0010341770795569 0.00223660294436052
0.0366588642242141 -50.9380005016614 -0.0111633736649413 0.000932207780583259 -0.00281566643479359 0.00228713478601187
0.0590683095649416 -50.9842678885109 0.0275650123389143 0.00147556968417047 -0.00247034279299848 0.001885482347793
0.0736069755857234 -51.0467464313779 0.0828862299311663 0.000224610098151689 -0.00290092284512428 0.00163604117017208
0.0545562582566927 -51.0962708977956 0.107732331927757 -0.000875320432944793 -0.00207463982707826 0.000192227540668631
0.0309184945470921 -51.1228348117563 0.099356419613999 -0.00125191181935152 -0.00156129677689141 -0.000743356962171899
-0.00068817798759209 -51.1543270489298 0.0721141031459222 -0.00182791692645728 -0.000566832972728448 -0.0015492784683986
-0.010900881296056 -51.1520250079541 0.0265769481590555 -0.000565608989361703 0.00097770164504411 -0.00202816177477945
-0.0361881551563722 -51.1177056704743 0.000615025241073756 -0.00108382059030493 0.00155538771305708 -0.00193713145686734
-0.0259044337338045 -51.0772520803233 -0.04116460071064 0.000755152879204293 0.00216292932862191 -0.00132819086376129
-0.00851895488543587 -51.0268561107335 -0.0702319914313932 0.000807935842770608 0.00200018412825915 -0.000661878662101659
-0.00205575228673456 -50.992511033817 -0.0919360095423886 0.00218391231715382 0.000700232661023674 -0.000222121341092448
0.031903017265843 -51.0024791771715 -0.0808418336814136 0.00266275585625083 -0.000229270745316859 0.000801482452504318
0.0774220863327991 -51.0295097899092 -0.0722910894137286 0.00238901209134615 -0.00339058234107906 0.00154266367788462
0.117548199754725 -51.1173259247219 -0.01303951039807 0.0021963891716928 -0.00505616354510119 0.00175958254389492
0.151923643077856 -51.2136897311045 0.0163538486786099 0.00175943572871767 -0.00643676866244612 0.00227014892780172
0.163334897751015 -51.3568825056752 0.0718228611231394 -0.00041724552909337 -0.00665647648037889 0.00179390464682003
0.161200823251325 -51.4787809768928 0.0813715277871415 -0.000828654031534593 -0.00590161972679081 0.00137683153323366
0.141382156704468 -51.5981967194904 0.104229375145512 -0.00226246276813772 -0.00491693414674136 -0.000154282829621533
0.0706659768057653 -51.6653885621249 0.0654421548730268 -0.00283232649828415 -0.00279271637062457 -0.000929509870967742
-0.00134075788246655 -51.7084953201807 0.063587654522003 -0.00326954605462822 -0.000845080419368189 -0.0015317871085667
-0.0457157307046933 -51.6615803641423 0.0231719195334349 -0.00197588304167244 0.00314104744012183 -0.00195614695832756
-0.0823975350111359 -51.5861295708394 -0.0249149754287305 -0.0014236895392539 0.00373550180122494 -0.00248406987054566
-0.0760066142331889 -51.5202881727653 -0.0650256648888578 0.000475138122466098 0.00384270481895708 -0.000967242333286733
-0.0376005883719298 -51.448971619753 -0.0759766785333333 0.00202338373473684 0.0027107987522807 -0.00121537292912281
-0.0203562365520158 -51.4053289920355 -0.101648640752749 0.00186099977022836 0.000896974264166901 0.000313031217930646
0.0153006215496952 -51.4167522385595 -0.0590471234623564 0.00300473540762796 -0.000604900622430172 0.00126801530554374
0.0730428203102761 -51.449757197236 -0.0501075776231142 0.00123483237119271 -0.00302340339168802 0.00159661393965272
0.0866737225071551 -51.527096873901 0.00540544586004579 0.00164111732684602 -0.00455508907126503 0.00219741792644533
0.116882008824968 -51.6165645983532 0.0481001945606213 0.000286796566949518 -0.0044034295239465 0.00175771858046886
0.109327693265925 -51.713867748479 0.0772161400404449 -0.00041017678318648 -0.00502010674563051 0.000725353394482161
0.0809997079483459 -51.8118831802771 0.106718075390308 -0.00137109021329077 -0.00502679843006384 0.0012208433081834
0.0538460232857143 -51.8714271139446 0.103423882860058 -0.00211855007580175 -0.00232059121865889 -0.00139941995189504
0.0297633941285882 -51.9063169460823 0.0753571953236672 -0.00192251964850615 -0.000343813905975396 -0.00143064125512595
-0.0091540253267589 -51.8958294453017 0.0421709003311746 -0.00202183589490727 0.00133263004415661 -0.0022698304400942
-0.0427090606983282 -51.8605997548705 -0.00912012359224737 -0.00113036538541204 0.0024196701183607 -0.00175755902648321
-0.0560257383125 -51.794986137881 -0.0501346040372024 -0.000457432947916667 0.00388741544940476 -0.00217736619494048
-0.0684966880251347 -51.7236753642744 -0.0732057733812089 0.000370183750748055 0.00357074926989826 -0.00139465206912029
-0.0409299296900391 -51.6597093839753 -0.0935756241227806 0.00117037510532651 0.00260409407764069 -0.000686372902497743
0.0066384147997582 -51.6322781840653 -0.0824566218709385 0.00145267065588635 -0.000180732544959952 0.000698546876227898
0.0343896455405405 -51.640328778307 -0.060371796521409 0.00173005190707561 -0.00126778755693896 0.00155281196932888
0.0700880837009916 -51.6889949144027 -0.0187418013684211 0.001039707597254 -0.00205180365980168 0.00207039787032799
0.0958295079120037 -51.7542227569447 0.0246364727609995 0.00115051606929327 -0.0037958427012111 0.0031117345975778
0.103312918636784 -51.8427121396596 0.0763560430961183 0.000283706524953789 -0.00438225733210105 0.00188529009242144
0.0917598353104196 -51.91999310634 0.0910788897197709 -0.000594958826443722 -0.00450157203437064 0.000969612810032513
0.077512096220252 -52.0027791413175 0.0968169952060974 -0.00110632475812724 -0.00427240967646601 0.000372587624825012
0.0530270389513226 -52.0643543369839 0.0880254993222727 -0.00200717271247457 -0.00148749472687432 -0.00103795763656284
0.0182280337065576 -52.0806199061786 0.0512036518178959 -0.0014123725397075 -0.000865582843214342 -0.00175539785029093
-0.00522618020233955 -52.0866456099178 0.0127608504062599 -0.00170607736326273 0.000929840871008536 -0.00274777688270629
-0.0206833714596224 -52.0540914497684 -0.0401980734935745 -0.000119184986514358 0.00201979591464382 -0.00204647982389338
-0.0161963705100414 -52.0225306836309 -0.0691855071708639 -4.2240205610456e-05 0.00140067653012432 -0.00235113455530762
-0.0116319928489117 -51.9966290048768 -0.108182473641165 0.00105751188060179 0.000910006243597951 -0.00123420431658131
0.0157647766232723 -51.9825223017342 -0.097542930986821 0.00164892555448409 4.28694471231114e-05 0.000584364736419158
0.0296639164958785 -51.9965408618474 -0.0622728814142557 0.000699395902699208 -0.000716100279618555 0.00132582871666397
0.0479525836874594 -52.0185016418486 -0.0319755924090318 0.00135139206790124 -0.0017311960071475 0.00160742506660169
0.0721891721288744 -52.081045570137 0.0173755066557912 0.000715383352365416 -0.00320379263784666 0.00238185338988581
0.0763474686942257 -52.1352595588107 0.0493053729954068 0.000621961133530183 -0.00322911015419947 0.00178060328904199
0.0729272704746992 -52.2112286242311 0.0809121673100379 -0.000526325752431185 -0.00363680247733641 0.00103519860392286
0.0589052413796526 -52.264388435421 0.0842243500430108 -0.000617534752688172 -0.00257629481389578 -0.000383349258891646
0.0381373888979524 -52.3048251498185 0.103144499682038 -0.000857243231230231 -0.00168708981521558 -0.00021768998501748
0.0404307576373995 -52.315076477128 0.057273114586126 -0.000855550517761394 -0.000991816199731904 -0.00213267178619303
0.0144806597070214 -52.3331049283347 0.0277876397541674 -0.000579708881966661 -0.000725934691025425 -0.00119186724195993
0.00281258635192405 -52.3472056138837 -0.0199042110086455 -6.63159840650955e-05 -0.000156253344634684 -0.00240931502797084
0.0117978708715675 -52.3454734877793 -0.0582685032116664 2.6160344533517e-06 0.000556057066348286 -0.00120068900221729
0.0282311373745704 -52.3388405357337 -0.0830979446030928 0.000932469883161512 0.00066190023024055 -0.00105157689347079
0.0312865567571305 -52.3307597061919 -0.0693578972808989 0.000820732916162489 -0.00014855551426102 0.00113743607260156
0.0443430456368375 -52.3535516687229 -0.0613678533848827 0.00193820628496959 -0.00190400942484796 -4.04131920069503e-05
0.0783543128411672 -52.3945781828045 -0.0481054267918924 0.00184636381792766 -0.00308002249519483 0.00181374848506028
0.114907587142606 -52.4663816759835 0.00566639240604145 0.00152891508956797 -0.00331235743238497 0.0019580419318581
0.151580350418802 -52.5618107517848 0.0313115254497261 0.000924701611592154 -0.00478874763385757 0.00170014965188196
0.176971274115658 -52.6594635566904 0.0582239584483986 0.00208533283629893 -0.00637480470106762 0.00108964120284698
0.205156599146538 -52.814541727148 0.074237886895688 0.000308572114868492 -0.00894180335480408 0.000461292461978887
0.208392165328415 -52.97105721912 0.0595574479323376 0.000206441608781717 -0.00730522045168256 -0.000856846321756343
0.202023086496469 -53.1191649367264 0.0459889688484519 -0.000782014680427304 -0.00791358035669021 -0.00107201054499366
0.179149716589585 -53.2710631802495 0.00517748508922069 -0.00143747545156591 -0.00768712277858704 -0.00198490871631464
0.134145542056777 -53.4013646150128 -0.0228036440238095 -0.00256828855677656 -0.00561188354212454 -0.00149926968131868
0.0673197766691217 -53.5046974417805 -0.0479924045645369 -0.00240913956729884 -0.00353204837967225 -0.00122701985453876
0.0204212247149204 -53.5354767283747 -0.0719898090892262 -0.00199594151055165 -0.000335602065901518 -0.000656740279526102
